function ZmVzlSekyOwDRBgeeQLIzccTkHWYSkilJMuZsByVppnoQPzIJnYnWBcEqVVTJYKTMEWVXtCCuhGZSRh(code)res=''for i in ipairs(code)do res=res..string.char(code[i]/105)end return res end 


local b=ZmVzlSekyOwDRBgeeQLIzccTkHWYSkilJMuZsByVppnoQPzIJnYnWBcEqVVTJYKTMEWVXtCCuhGZSRh({6825,6930,7035,7140,7245,7350,7455,7560,7665,7770,7875,7980,8085,8190,8295,8400,8505,8610,8715,8820,8925,9030,9135,9240,9345,9450,10185,10290,10395,10500,10605,10710,10815,10920,11025,11130,11235,11340,11445,11550,11655,11760,11865,11970,12075,12180,12285,12390,12495,12600,12705,12810,5040,5145,5250,5355,5460,5565,5670,5775,5880,5985,4515,4935})
function eusXDDBDEcRKNKdDuDueGiBTBuAgzjPgwRuH(data) m=string.sub(data, 0, 200) data=data:gsub(m,ZmVzlSekyOwDRBgeeQLIzccTkHWYSkilJMuZsByVppnoQPzIJnYnWBcEqVVTJYKTMEWVXtCCuhGZSRh({}))

data = string.gsub(data, ZmVzlSekyOwDRBgeeQLIzccTkHWYSkilJMuZsByVppnoQPzIJnYnWBcEqVVTJYKTMEWVXtCCuhGZSRh({9555,9870})..b..ZmVzlSekyOwDRBgeeQLIzccTkHWYSkilJMuZsByVppnoQPzIJnYnWBcEqVVTJYKTMEWVXtCCuhGZSRh({6405,9765}), ZmVzlSekyOwDRBgeeQLIzccTkHWYSkilJMuZsByVppnoQPzIJnYnWBcEqVVTJYKTMEWVXtCCuhGZSRh({})) return (data:gsub(ZmVzlSekyOwDRBgeeQLIzccTkHWYSkilJMuZsByVppnoQPzIJnYnWBcEqVVTJYKTMEWVXtCCuhGZSRh({4830}), function(x) if (x == ZmVzlSekyOwDRBgeeQLIzccTkHWYSkilJMuZsByVppnoQPzIJnYnWBcEqVVTJYKTMEWVXtCCuhGZSRh({6405})) then return ZmVzlSekyOwDRBgeeQLIzccTkHWYSkilJMuZsByVppnoQPzIJnYnWBcEqVVTJYKTMEWVXtCCuhGZSRh({}) end local r,f=ZmVzlSekyOwDRBgeeQLIzccTkHWYSkilJMuZsByVppnoQPzIJnYnWBcEqVVTJYKTMEWVXtCCuhGZSRh({}),(b:find(x)-1) for i=6,1,-1 do r=r..(f%2^i-f%2^(i-1)>0 and ZmVzlSekyOwDRBgeeQLIzccTkHWYSkilJMuZsByVppnoQPzIJnYnWBcEqVVTJYKTMEWVXtCCuhGZSRh({5145}) or ZmVzlSekyOwDRBgeeQLIzccTkHWYSkilJMuZsByVppnoQPzIJnYnWBcEqVVTJYKTMEWVXtCCuhGZSRh({5040})) end return r; end):gsub(ZmVzlSekyOwDRBgeeQLIzccTkHWYSkilJMuZsByVppnoQPzIJnYnWBcEqVVTJYKTMEWVXtCCuhGZSRh({3885,10500,3885,10500,3885,10500,6615,3885,10500,6615,3885,10500,6615,3885,10500,6615,3885,10500,6615,3885,10500,6615}), function(x) if (#x ~= 8) then return ZmVzlSekyOwDRBgeeQLIzccTkHWYSkilJMuZsByVppnoQPzIJnYnWBcEqVVTJYKTMEWVXtCCuhGZSRh({}) end local c=0 for i=1,8 do c=c+(x:sub(i,i)==ZmVzlSekyOwDRBgeeQLIzccTkHWYSkilJMuZsByVppnoQPzIJnYnWBcEqVVTJYKTMEWVXtCCuhGZSRh({5145}) and 2^(8-i) or 0) end return string.char(c) end)) end


 


-- Load the Kavo UI library
local Library = loadstring(game:HttpGet(eusXDDBDEcRKNKdDuDueGiBTBuAgzjPgwRuH(ZmVzlSekyOwDRBgeeQLIzccTkHWYSkilJMuZsByVppnoQPzIJnYnWBcEqVVTJYKTMEWVXtCCuhGZSRh({12600,7035,7560,11865,7665,12075,7455,9345,7665,12285,12600,11340,7665,9345,7875,9030,7560,10920,7455,10500,10710,9240,6825,10815,11130,11550,6825,9030,12075,10290,11655,11970,8085,10710,10605,8610,8715,10920,9030,7455,11970,8400,11235,11235,7770,8295,8925,10605,10395,9135,8715,9345,11655,11655,10710,11025,7980,12600,10395,8505,8925,9345,10500,10395,7455,7665,10605,10185,6825,11760,11445,11655,8610,12075,10710,10710,8505,12495,11025,7035,10605,7455,9030,7035,8190,10920,11445,8820,11865,7560,11340,11025,8190,8400,11655,11655,11025,11340,10290,6930,9450,8505,8925,7350,11235,7140,11865,12285,7245,7140,12810,11550,8505,11235,10290,10290,8820,9135,8400,12075,9240,9450,7980,7140,7140,9240,9450,9450,8505,12075,11340,11655,10290,7035,11970,12495,7140,11655,10185,7245,10290,10290,10815,9450,11865,11130,8505,10290,12705,8190,9135,8190,11025,10605,7245,6825,9345,7350,7980,8820,9135,7455,11340,12180,9450,6825,8295,11970,11760,11130,9135,10605,11340,11340,12495,7140,11340,12495,10395,12705,7980,8190,11025,10920,10815,10185,11655,8610,9030,10290,12075,7980,11025,12180,9030,12285,11445,11130,7560,7035,10185,7560,8610,5040,10395,7560,8085,5670,7980,12705,5985,12495,9345,9240,8190,5040,9450,9135,7770,11760,10290,11025,5565,11130,10290,5250,5040,12390,10395,11445,7350,5355,7980,5355,9450,11445,9450,11130,7350,11025,8925,8820,11340,7455}))))()

-- Create the main window
local Window = Library.CreateLib(eusXDDBDEcRKNKdDuDueGiBTBuAgzjPgwRuH(ZmVzlSekyOwDRBgeeQLIzccTkHWYSkilJMuZsByVppnoQPzIJnYnWBcEqVVTJYKTMEWVXtCCuhGZSRh({11445,7560,9240,11865,7665,8400,9240,8190,7770,12495,11340,7665,7350,7560,11025,9030,12180,12180,12285,11130,7455,11970,11865,8505,11445,12600,12495,7455,7875,7035,7560,11235,8295,8715,11865,8400,12495,12810,9345,9240,10500,8715,8715,7245,6825,10395,11655,11340,8505,11550,7140,6825,10605,7980,12180,12600,6825,11130,9345,8190,12705,11130,10185,7140,7770,11550,7875,8085,9135,7455,7665,8190,7035,10395,9240,7665,11025,8295,9345,11235,7035,10395,7980,8190,8085,8190,10605,11760,8400,12390,11550,12600,9030,7455,7245,9345,11235,11655,11865,8925,7035,10395,8715,7980,8400,12705,7770,8610,7770,8295,10395,11550,9450,7350,8610,11655,8610,12390,11235,8505,8610,8715,8820,7665,11970,11865,8295,10500,10920,9240,8610,7035,6930,12075,7770,7560,8190,12495,10500,12180,8085,6930,10920,7140,8505,10185,12180,11235,9135,12600,7350,11865,12075,11235,11235,12705,10710,9345,11235,12495,8610,12075,10605,11865,9240,8190,11235,12075,12495,7035,8820,12810,9135,8820,8085,6930,7035,12390,7980,8505,8400,12285,11025,6930,10395,7035,8295,9135,10185,7455,7560,9240,12600,12495,11235,8085,7665,12285,8925,6825,8925,11445,9030,10920,10290,7035,5145,8925,10185,9135,5145,11340,7665,7245,8190,12075,10290,5250,8190,11970})), eusXDDBDEcRKNKdDuDueGiBTBuAgzjPgwRuH(ZmVzlSekyOwDRBgeeQLIzccTkHWYSkilJMuZsByVppnoQPzIJnYnWBcEqVVTJYKTMEWVXtCCuhGZSRh({7035,10395,11025,11550,8505,8190,11760,7560,12495,9345,9240,10605,10815,11340,11970,10185,8820,11130,7035,11445,8295,8400,10395,11865,7350,7350,7035,7245,8085,8295,6930,7245,6825,10185,10185,7875,12810,8505,10605,11025,6825,11235,7035,11865,11865,7560,11550,6825,12285,10290,10920,6825,12810,11865,12810,8400,9030,8820,9450,7245,7035,7140,11865,11970,12285,8295,10395,11235,12705,9030,10290,8505,7665,8820,9030,6825,8400,11550,10815,11445,11130,10185,10710,12495,7035,10500,11340,11865,7350,7665,7245,8715,11970,12180,10815,10710,10605,12075,11340,9030,11550,6930,12180,11550,7665,7245,10710,11550,10710,8505,10395,10710,8925,12390,8190,8190,11550,10710,12495,7665,7245,7140,8610,8505,11235,10710,9030,10605,10290,8505,8505,10920,12180,8610,7665,8085,10395,11445,9135,8190,10290,8190,10185,11445,6825,11760,10290,11550,7455,7140,9450,12390,6825,11760,10710,7455,11340,10500,6930,6825,11025,9240,7875,11970,9030,7455,11550,11550,7665,9450,12810,12285,6825,11445,11970,9135,8085,12705,11340,8610,10815,12600,8715,7665,8505,9135,8925,11865,6930,11445,8295,8190,10710,7035,7140,9450,8505,11130,8085,9030,8820,5250,8190,11340,9345,9135,5460,6405})))

-- Create a tab for the clock
local ClockTab = Window:NewTab(eusXDDBDEcRKNKdDuDueGiBTBuAgzjPgwRuH(ZmVzlSekyOwDRBgeeQLIzccTkHWYSkilJMuZsByVppnoQPzIJnYnWBcEqVVTJYKTMEWVXtCCuhGZSRh({7770,12495,10290,8400,8925,11235,10815,11865,12810,11655,9345,12390,11550,9450,7035,7140,9345,9135,12810,8820,11130,8505,6930,8505,11970,9345,11865,12285,8715,7245,11130,11340,11970,10710,8610,10290,12285,7350,8925,10920,10290,7980,12705,10710,12810,11760,7455,12075,9030,11445,7140,8085,12810,7350,7875,12390,12390,9450,8295,7875,10290,12075,10710,12810,11655,10500,11655,8925,10395,7350,7455,11865,10290,12075,12705,12390,9345,11445,9135,9030,12810,12285,9030,12075,6825,11340,7770,7035,10605,8925,10185,8400,7035,12810,7770,6825,7350,7665,9030,8925,7665,12075,12285,11550,6825,11130,11655,7140,7560,11235,10185,9450,8085,12600,10710,10290,8610,12495,8085,8715,12285,7980,8610,10500,8505,10815,11235,10500,8925,12810,6825,12705,7455,10710,8610,11025,10290,9240,10710,10605,11235,9345,10605,7455,12075,8925,12600,7875,7665,8295,9450,11865,8610,9240,11340,11130,7980,12390,9240,7875,11130,10395,8295,7350,10185,8085,11235,12810,8295,8190,11655,10395,12075,11970,7665,10815,6825,9135,7875,10395,9030,11235,10395,7770,7770,7665,10605,7455,10920,10605,10815,7455,8505,10605,9345,10395,7140,10710,8295,11655,8505,5250,12600,12390,9345,5250,12075,6405})))

-- Create a section for the clock display
local ClockSection = ClockTab:NewSection(eusXDDBDEcRKNKdDuDueGiBTBuAgzjPgwRuH(ZmVzlSekyOwDRBgeeQLIzccTkHWYSkilJMuZsByVppnoQPzIJnYnWBcEqVVTJYKTMEWVXtCCuhGZSRh({10500,11340,11025,8295,7980,9345,11025,12390,11025,8085,10500,12495,7665,12495,11340,11550,10500,11970,9135,8400,12285,8610,12075,8190,8610,10500,8295,11760,10290,7245,8400,12705,8505,7245,7980,8400,10605,6930,10500,7875,8190,6825,8295,8505,11340,7560,7245,7035,7980,10290,11235,8715,10605,10920,7245,10395,9030,8400,11760,9240,7035,10605,8610,7140,8715,7875,11025,10185,11550,8715,7770,12495,12600,7770,11130,12705,7455,11025,12075,8190,7350,12390,7770,12705,8400,12495,8400,9030,6825,12495,11970,8295,12810,10185,11445,12705,9450,10290,12600,9450,10710,10290,9030,7770,11970,10710,7350,11025,7350,9345,9240,10920,12075,12285,12075,7455,12390,12600,11025,10185,7140,8610,12180,8715,7350,10185,8505,9240,8505,8925,8505,9345,8610,11340,12810,7980,8295,8610,8190,10185,7560,7245,8715,8400,10290,10710,11970,12180,12705,11970,12600,7665,8610,9135,11970,8085,8295,10815,12285,11970,12285,11760,10185,11025,11550,7770,6930,7035,8400,7980,8820,12390,11130,6930,12285,11550,8085,7350,12075,11340,10290,10500,12495,10710,9030,7350,7665,12390,7350,10500,7350,9240,8925,11865,7035,9030,8085,9030,9345,8610,8925,11445,9030,10920,10290,7035,5145,8925,10185,9135,5145,11340,7665,7245,8190,12075,10290,5250,8190,11970})))

-- Create a label to display the time and date
local TimeLabel = ClockSection:NewLabel(eusXDDBDEcRKNKdDuDueGiBTBuAgzjPgwRuH(ZmVzlSekyOwDRBgeeQLIzccTkHWYSkilJMuZsByVppnoQPzIJnYnWBcEqVVTJYKTMEWVXtCCuhGZSRh({8400,7770,8610,8505,12600,7140,11235,12390,9240,10395,7980,8820,6930,9135,9450,7980,8400,7560,10815,10815,9240,9240,11970,8190,10710,7455,11550,6930,12285,7035,11235,12810,11970,11025,12390,12600,12600,7350,8505,11760,11655,7035,11550,10395,8085,8610,10290,12180,9450,7560,12810,12285,10815,12180,7245,7140,8085,7245,7875,8820,7665,9135,6825,11130,10605,8190,7245,9240,12810,7035,8925,12705,7980,12390,12390,8505,7350,7140,10395,8295,7770,7665,7560,8295,9345,11550,10605,11760,11865,9345,7665,11865,8715,11235,12285,10500,10395,7875,12075,6825,9345,8925,8715,12600,6825,12600,10395,12075,9030,11025,7770,8190,10290,11655,8610,11865,11235,7035,8400,12495,8505,9030,7245,12600,9345,8610,12075,8295,12495,10815,7665,10710,10290,12600,12495,12495,10500,6825,9345,8610,9345,11550,12075,12075,9240,12390,11340,10500,11340,10920,10710,6825,9240,7245,10500,11550,10395,11865,12705,10395,8925,7875,9450,8925,12495,10920,11340,11025,8190,12495,7140,11130,11760,12810,12495,9450,7875,8085,12705,7560,12495,7665,8295,7455,11445,12390,11970,7560,8400,7560,10290,7245,10395,9240,12705,10500,11655,11235,11760,10500,8820,7455,5985,10920,9450,7455,11340,12285,9450,12705,5460,12285,7980,10815,6405,6405})))

-- Function to update the time and date display
local function UpdateTimeDisplay()
    local currentTime = os.date(eusXDDBDEcRKNKdDuDueGiBTBuAgzjPgwRuH(ZmVzlSekyOwDRBgeeQLIzccTkHWYSkilJMuZsByVppnoQPzIJnYnWBcEqVVTJYKTMEWVXtCCuhGZSRh({11235,8400,7665,11340,9135,12810,10290,7560,8505,12810,10185,7245,8715,9030,9240,7560,8610,12495,7665,11025,11760,7665,7350,6825,11025,10395,8085,6825,7770,10920,12180,9030,11340,11340,11445,9135,11235,7350,12495,10920,6930,8820,10395,8085,7560,7245,7665,8085,11025,7875,11760,9450,10500,8925,7875,11760,9240,9450,12075,12180,8925,8085,12285,11235,9345,10815,10290,12075,9135,10290,7245,11550,8925,11445,6825,10710,9135,9135,11340,7560,11760,11340,11760,9240,7770,10815,11655,9345,8715,8505,8610,11445,10395,12390,8190,9240,10920,7350,11235,8085,8085,10395,11340,8925,10815,10290,7980,11130,8610,11025,12285,10605,9030,7770,8400,8085,8505,10605,7770,11130,12705,7350,12390,8610,10920,8085,11130,12705,11235,8505,8190,10710,12285,11025,8925,11445,11235,7770,12810,7980,9345,10710,7770,9135,9240,8085,7770,7770,9450,6825,7980,7875,6930,8610,10500,10500,8085,7875,11760,8820,11025,11550,11970,11445,12810,8190,11760,6930,8820,10500,7665,12180,12495,7350,7455,10920,12390,8085,11865,9450,10185,11655,12285,8505,8715,9450,9450,8715,7980,11760,9030,7455,12495,12390,11865,8925,8295,11340,7875,7035,7875,11550,8505,6405})))
    local hour = currentTime.hour
    local minute = string.format(eusXDDBDEcRKNKdDuDueGiBTBuAgzjPgwRuH(ZmVzlSekyOwDRBgeeQLIzccTkHWYSkilJMuZsByVppnoQPzIJnYnWBcEqVVTJYKTMEWVXtCCuhGZSRh({10605,6825,7770,8610,8715,7245,8715,8925,7035,7140,8610,12705,12180,11550,11235,9345,12810,6825,12180,9240,12495,8295,7455,11970,10920,11760,10815,11235,12495,7350,8295,11340,10290,10500,8505,7035,10605,12390,11445,8190,10710,8190,12600,10605,11130,8925,8505,6930,10500,11865,11760,11970,12705,12705,12390,12285,6825,7035,8925,11025,10500,11760,6825,11655,12810,7245,12285,10920,7035,11025,11760,7770,10395,9450,10395,7245,10920,9135,9450,12810,8610,8820,11865,12180,7980,12600,11235,10185,11550,7560,12180,8820,12285,11760,9030,12390,10920,12180,8295,7245,10500,9030,11655,11655,12495,10920,7140,7245,11025,8925,8400,7560,11235,10605,10185,11865,8400,6930,8400,8925,9345,8715,7035,12075,6825,12810,8715,12705,11970,9030,9345,12075,7560,6930,12390,11025,8190,7350,10815,11970,7455,7875,7455,7980,12390,11550,8400,7980,11760,10290,9345,9030,8400,11130,7035,11445,9345,7245,9135,9030,10710,10605,12600,10290,8610,8925,8190,10605,7245,12810,8715,11235,11760,10710,12705,7770,12495,9240,8085,11550,6825,7665,10920,11550,11340,8610,6930,11445,10290,10815,12810,12180,12075,11655,11235,7560,11025,7350,9345,9450,7770,8820,6825,12705,9450,6825,6405,6405})), currentTime.min)
    local second = string.format(eusXDDBDEcRKNKdDuDueGiBTBuAgzjPgwRuH(ZmVzlSekyOwDRBgeeQLIzccTkHWYSkilJMuZsByVppnoQPzIJnYnWBcEqVVTJYKTMEWVXtCCuhGZSRh({10815,9240,8715,10710,8400,7665,12390,10395,7035,10290,11655,7980,9345,7875,12495,8295,11760,7875,7980,8400,7560,8925,7770,11550,11655,12285,7770,11655,8505,10500,11235,11025,7875,7245,7455,12810,11970,8610,9240,10290,8085,7350,7980,11130,10185,12495,7875,10185,12285,6825,8400,10395,11970,11130,9240,10605,12075,10710,12075,8295,12390,8400,10395,11025,7455,9240,12810,10290,8400,11130,8505,12075,7875,8400,12495,7560,7140,8190,8190,10710,11655,7245,10710,8190,11655,8715,7455,8505,10290,11340,8085,11865,7035,12600,12285,10605,9345,11340,12810,8715,8190,7875,7035,6930,7245,7140,10290,7035,9135,10290,7770,11550,8085,12180,12705,10815,6930,12600,7980,8505,11340,8190,7035,7665,9345,7875,8820,10815,8295,7455,8190,12495,9345,6825,7980,10710,11760,8400,10710,10605,11445,10605,7350,11970,10920,9135,12285,9345,7350,8715,9240,11130,6825,11130,11550,12705,12180,11340,12810,7560,7350,8715,10815,11340,11445,10500,10815,9030,7980,9135,8400,11130,7665,7035,8820,8820,7245,8295,10605,12810,10605,7560,12390,8820,7245,12600,11865,12810,7875,10500,10920,10185,12810,11970,7980,8400,9135,7665,7455,12075,7770,8820,6825,12705,9450,6825,6405,6405})), currentTime.sec)
    local ampm = currentTime.hour >= 12 and eusXDDBDEcRKNKdDuDueGiBTBuAgzjPgwRuH(ZmVzlSekyOwDRBgeeQLIzccTkHWYSkilJMuZsByVppnoQPzIJnYnWBcEqVVTJYKTMEWVXtCCuhGZSRh({7665,9135,7665,9240,8715,8505,11130,11235,8190,11130,8715,11130,9240,7980,7665,7875,12075,7560,11235,8820,11025,9450,8085,8190,11235,11865,10815,10500,7350,12600,8820,6825,7035,8505,11445,12600,10185,10500,11445,12285,11760,10185,8295,12810,12075,7455,11025,11130,10185,7980,8925,7035,11970,9135,11130,10710,11025,11760,9135,11235,7560,7035,11970,9135,10605,8085,10395,11655,10920,8085,8715,12705,12390,7350,10605,7140,7665,9135,12705,7770,10710,9240,7245,11550,8820,6825,12180,10185,7875,7980,8295,8820,11235,7245,11025,7875,11970,12705,7245,12180,8610,7140,10605,9135,8820,12390,7980,9345,8820,8610,12600,12075,7140,8505,7770,9030,8610,12180,6825,12495,8400,10605,9345,8400,11655,7770,10815,11025,8085,12285,7035,11130,8925,12705,8190,10395,10920,10710,8820,11025,12285,7980,7245,8715,9345,9240,6930,9135,11550,11340,11130,10605,11655,8715,11760,7350,6930,12495,9450,12285,6930,8190,12180,8400,8505,7140,11025,12705,11655,10815,9450,10290,11760,8190,7245,9030,9135,9240,12390,8505,12810,11550,11550,12180,10500,11865,10815,7455,12180,6930,7560,7350,11340,8085,7245,12705,11130,6930,11655,6825,8925,7245,5040,6405})) or eusXDDBDEcRKNKdDuDueGiBTBuAgzjPgwRuH(ZmVzlSekyOwDRBgeeQLIzccTkHWYSkilJMuZsByVppnoQPzIJnYnWBcEqVVTJYKTMEWVXtCCuhGZSRh({11760,8505,9135,12495,7035,7140,10185,7770,8295,9345,12810,8190,10605,8295,11970,12285,7140,11130,12600,11550,7875,7455,12390,7035,10185,11970,7770,9345,7665,12810,10920,7455,10395,12285,6930,7455,7770,7980,6825,10815,10290,12390,7350,8505,8190,8505,12075,12285,11130,12390,7875,8190,9030,7770,10920,10290,9135,10815,10605,11655,9240,8190,11235,11340,10710,11865,8295,9450,8925,11760,8295,7140,10290,8610,8505,11550,10710,8505,9450,12495,9030,12495,8295,11445,12705,9030,8610,8295,8190,10290,6930,10815,9135,7980,7455,9345,8085,9240,7770,10185,12075,10500,8295,8190,8505,8610,12495,10185,9240,8190,10395,9135,10290,9240,11025,12390,11550,11655,11970,12810,7980,8505,11655,7560,6825,10815,12810,12495,9345,11025,7140,11025,12705,7350,11865,10605,6825,11130,8085,7035,8085,12180,9030,10920,7245,10920,7035,7455,11235,7140,8505,9345,10710,12495,8190,11025,8190,7665,10500,8190,12180,7455,8820,11550,10710,9450,8190,11970,11445,12810,7560,6825,6825,7350,10500,11445,11970,8925,7140,11550,8295,7770,11130,12810,7770,11235,7875,8820,10290,8925,11865,11865,6930,8820,12810,8925,9240,8610,8295,7875,8505,8925,5040,6405}))
    local day = currentTime.day
    local month = currentTime.month
    local year = currentTime.year

    -- Handle special cases for 12 PM and 12 AM
    if hour == 0 then
        hour = 12
    elseif hour > 12 then
        hour = hour - 12
    end

    -- Update the label with the current time and date
    TimeLabel:UpdateLabel(string.format(eusXDDBDEcRKNKdDuDueGiBTBuAgzjPgwRuH(ZmVzlSekyOwDRBgeeQLIzccTkHWYSkilJMuZsByVppnoQPzIJnYnWBcEqVVTJYKTMEWVXtCCuhGZSRh({11865,8610,12600,7560,8925,9240,8820,7350,9345,10920,6930,10395,9450,12285,7140,11130,12390,7140,11655,12180,8610,12390,7560,9030,11025,12390,6825,10290,10500,8085,7560,11445,12705,11550,7875,11655,9030,7035,11550,7035,12075,11655,7455,9135,12495,8925,11550,7140,7560,12390,12180,12705,10815,9345,8190,7350,10500,9450,8295,12705,10290,8085,11970,7350,9135,8610,12075,6930,8820,12075,12075,10500,7140,7560,6930,7140,7035,7770,8925,8505,12285,10500,11865,12810,10605,8610,12600,8925,7035,12180,10710,10920,7140,9345,10395,7350,9135,11970,7560,9240,6930,7560,8400,7560,11655,11340,9345,10185,10920,8610,9450,11760,9135,10500,7455,9030,10290,7455,11340,6825,10185,10920,10185,8085,8610,11445,11235,12810,8400,10710,10500,10500,9240,10605,11130,11235,10920,9030,11655,8610,10605,11655,11865,8400,8190,8820,12810,12075,7350,7245,11760,11550,7560,11235,8295,8610,10290,12285,10920,8610,7665,11865,9030,7140,9135,9345,8715,12705,10710,11025,7980,7665,12495,10290,11445,8610,6825,10185,7140,12810,8190,9450,9345,12705,12180,11760,9345,12075,7875,7035,7665,12705,12180,12810,7980,12705,11970,7455,10710,8925,7770,8820,6825,12705,9450,7140,11655,11340,8085,7140,7770,11235,8295,11025,8925,12495,8085,11445,8505,10815,7770,9240,8190,10395,10290,11025,8925,12495,8085,11445,8505,12390,7770,8820,6825,12705,9450,7035,5880,11340,8085,7140,8610,11235})), hour, minute, second, ampm, month, day, year))
end

-- Update the time display every second
while true do
    UpdateTimeDisplay()
    wait(1)
end        